1) 4.0  1.27323954474
2) 4.0  1.27323954474
3) 4.0  1.27323954474
4) 4.0  1.27323954474
5) 4.0  1.27323954474
6) 4.0  1.27323954474
7) 4.0  1.27323954474
8) 4.0  1.27323954474
9) 4.0  1.27323954474
10) 4.0  1.27323954474
11) 4.0  1.27323954474
12) 4.0  1.27323954474
13) 4.0  1.27323954474
14) 4.0  1.27323954474
15) 4.0  1.27323954474
16) 4.0  1.27323954474
17) 4.0  1.27323954474
18) 4.0  1.27323954474
19) 4.0  1.27323954474
20) 3.8  1.2095775675
21) 3.8  1.2095775675
22) 3.63636363636  1.15749049521
23) 3.63636363636  1.15749049521
24) 3.5  1.11408460164
25) 3.52  1.12045079937
26) 3.53846153846  1.12632728957
27) 3.55555555556  1.13176848421
28) 3.57142857143  1.13682102208
29) 3.58620689655  1.14152510907
30) 3.6  1.14591559026
31) 3.61290322581  1.1500228146
32) 3.625  1.15387333742
33) 3.63636363636  1.15749049521
34) 3.63636363636  1.15749049521
35) 3.54285714286  1.12772645391
36) 3.54285714286  1.12772645391
37) 3.45945945946  1.1011801468
38) 3.47368421053  1.10570802569
39) 3.48717948718  1.11000370567
40) 3.5  1.11408460164
41) 3.51219512195  1.11796642952
42) 3.52380952381  1.12166340846
43) 3.53488372093  1.12518843488
44) 3.53488372093  1.12518843488
45) 3.53488372093  1.12518843488
46) 3.53488372093  1.12518843488
47) 3.31914893617  1.0565179201
48) 3.33333333333  1.06103295395
49) 3.34693877551  1.0653637007
50) 3.36  1.06952121758
51) 3.37254901961  1.07351569458
52) 3.38461538462  1.07735653785
53) 3.39622641509  1.08105244364
54) 3.40740740741  1.08461146403
55) 3.41818181818  1.0880410655
56) 3.42857142857  1.0913481812
57) 3.43859649123  1.09453925775
58) 3.44827586207  1.09762029719
59) 3.45762711864  1.1005968946
60) 3.46666666667  1.1034742721
61) 3.47540983607  1.10625730936
62) 3.47540983607  1.10625730936
63) 3.42857142857  1.0913481812
64) 3.4375  1.09419023376
65) 3.44615384615  1.09694483854
66) 3.45454545455  1.09961597045
67) 3.46268656716  1.10220736708
68) 3.47058823529  1.10472254617
69) 3.47826086957  1.10716482151
70) 3.48571428571  1.10953731755
71) 3.49295774648  1.11184298273
72) 3.5  1.11408460164
73) 3.5  1.11408460164
74) 3.5  1.11408460164
75) 3.41333333333  1.08649774484
76) 3.42105263158  1.08895487379
77) 3.42857142857  1.0913481812
78) 3.42857142857  1.0913481812
79) 3.39240506329  1.07983606959
80) 3.4  1.08225361302
81) 3.40740740741  1.08461146403
82) 3.40740740741  1.08461146403
83) 3.3734939759  1.07381648351
84) 3.38095238095  1.07619056757
85) 3.38823529412  1.07850879083
86) 3.39534883721  1.08077310193
87) 3.40229885057  1.08298535989
88) 3.40909090909  1.08514733926
89) 3.40909090909  1.08514733926
90) 3.40909090909  1.08514733926
91) 3.34065934066  1.0633648945
92) 3.34782608696  1.0656461407
93) 3.35483870968  1.06787832784
94) 3.36170212766  1.07006302164
95) 3.36170212766  1.07006302164
96) 3.33333333333  1.06103295395
97) 3.34020618557  1.06322065076
98) 3.34693877551  1.0653637007
99) 3.35353535354  1.0674634567
100) 3.36  1.06952121758
1000) 3.16316316316  1.00686610645
10000) 3.1364  0.998347127027
100000) 3.13805414162  0.998873656659
1000000) 3.14238714239  1.00025289364
