2) 3.141464  3.141592653589793  0.9999590482904759  785366.0
3) 4.18952  4.188790204786391  1.000174225773536  523690.0
4) 4.938192  4.934802200544679  1.0006869169862465  308637.0
5) 5.272928  5.263789013914325  1.0017361991640465  164779.0
6) 5.173888  5.167712780049969  1.001194961913106  80842.0
7) 4.71936  4.724765970331401  0.9988558226237348  36870.0
8) 4.04608  4.058712126416768  0.9968876515447969  15805.0
9) 3.267584  3.298508902738706  0.990624581090859  6382.0
10) 2.5344  2.550164039877345  0.9938184212345402  2475.0
11) 1.910784  1.8841038793898994  1.0141606420441849  933.0
12) 1.421312  1.3352627688545893  1.0644436684318137  347.0
13) 0.909312  0.9106287547832829  0.9985540158090042  111.0
14) 0.622592  0.5992645293207919  1.038926833706723  38.0
15) 0.425984  0.38144328082330436  1.1167689179910556  13.0
16) 0.32768  0.23533063035889312  1.392423925012518  5.0
17) 0.0  0.140981106917139  0.0  0.0
